-10
-23
-5
-3
-18
6
6
-7
-3
-5
-8
1
-12
16
-7
-5
5
-5
-7
-14
-3
-19
2
11
-12
3
7
-21
-19
1
-9
2
4
3
9
2
8
-16
-4
-6
-20
-1
-14
11
-12
2
-1
-13
-25
-4
-13
3
2
14
3
-9
1
-12
-2
-3
-2
-5
9
-20
3
8
7
6
1
8
7
0
0
2
-9
5
10
13
26
10
22
25
28
11
24
26
15
19
38
27
32
29
22
22
31
16
32
28
13
17
6
-6
24
7
14
12
8
-4
-4
1
-8
-8
17
2
-11
0
-11
-13
-3
9
0
4
-16
-11
-12
-24
-28
-7
-16
-21
-2
1
0
38
46
78
94
93
98
115
109
94
91
81
39
16
3
-2
-29
-39
-32
-32
-25
-32
-23
-21
-14
6
-13
-19
1
-12
-2
-8
4
4
-3
-21
1
16
10
-15
0
-5
-8
-9
7
0
6
2
2
12
17
32
-2
3
25
12
4
23
37
30
44
31
47
26
20
31
47
25
44
33
46
31
44
24
40
50
42
58
40
23
33
56
43
47
52
20
34
32
27
34
49
32
43
22
27
17
29
19
25
25
16
24
36
17
10
18
9
-4
11
5
1
16
21
-3
2
-7
7
-24
10
2
2
11
-4
-3
-14
-18
-9
1
-7
-15
9
-9
-2
-2
-4
2
-4
-18
-12
1
-14
-5
-10
-13
-11
-5
1
-2
10
-3
-16
0
0
3
5
13
-6
3
0
-6
21
-2
-14
18
4
-11
7
13